[?25l[0m              [38;2;67;61;62m⢀[38;2;123;112;113m⣀[38;2;199;188;187m⣀[38;2;213;203;201m⣀[7m[38;2;113;107;106m⠛[38;2;115;108;107m⠛[0m[38;2;181;171;168m⣤[38;2;208;196;193m⣀[38;2;188;176;174m⣀[38;2;84;75;74m⡀[0m                [0m
          [38;2;149;139;135m⣀[7m[38;2;140;132;128m⠋[0m[38;2;39;36;36;48;2;203;195;189m⠉[38;2;172;161;158;48;2;221;212;206m⢁[38;2;146;128;124;48;2;212;201;195m⡀[38;2;207;194;188;48;2;239;230;224m⠂[38;2;147;131;124;48;2;227;217;212m⠠[38;2;140;125;116;48;2;221;211;206m⠤[38;2;172;160;155;48;2;227;219;214m⢄[38;2;184;176;171;48;2;236;229;224m⡀[38;2;226;216;213;48;2;244;239;233m⠉[38;2;205;193;189;48;2;239;233;228m⠁[38;2;215;204;200;48;2;240;233;228m⠒[38;2;204;194;192;48;2;234;225;221m⠍[38;2;47;41;39;48;2;215;205;202m⠈[0m[7m[38;2;169;160;157m⠙[0m[38;2;182;170;166m⣄[0m       [38;2;163;164;151;48;2;80;81;75m⣄[0m     [0m
        [38;2;148;138;136m⣠[7m[38;2;179;167;165m⠁[0m[38;2;197;184;178;48;2;233;224;219m⠋[38;2;243;235;228;48;2;242;237;232m⠁[38;2;204;194;190;48;2;227;220;215m⡰[38;2;64;73;74;48;2;203;199;194m⢀[38;2;104;87;84;48;2;189;177;172m⣠[38;2;238;229;224;48;2;146;128;124m⠛[38;2;246;240;234;48;2;144;124;118m⠉[38;2;242;235;230;48;2;153;127;120m⠉[38;2;238;231;226;48;2;138;113;107m⠉[38;2;233;227;223;48;2;118;96;92m⠁[38;2;221;216;211;48;2;126;107;102m⠙[38;2;106;91;88;48;2;197;189;184m⣀[38;2;245;241;236;48;2;243;238;233m⠄[38;2;248;241;237;48;2;244;239;234m⠈[38;2;216;205;203;48;2;244;237;232m⠈[38;2;215;204;200;48;2;239;228;224m⠐[38;2;207;195;192;48;2;234;222;218m⢄[38;2;79;74;71;48;2;215;205;200m⠈[0m[7m[38;2;124;117;113m⠙[0m[38;2;88;79;75m⡀[0m   [38;2;212;213;196m⢀[38;2;185;187;172;48;2;225;228;210m⠁[38;2;178;182;168;48;2;70;72;66m⡆[0m    [0m
      [38;2;41;38;37m⢀[7m[38;2;139;129;128m⠃[0m[38;2;244;239;234;48;2;212;201;198m⢠[38;2;230;218;213;48;2;243;236;231m⠁[38;2;245;237;233;48;2;239;234;229m⠁[38;2;227;222;217;48;2;142;132;127m⠋[38;2;118;118;111;48;2;128;177;174m⡈[38;2;110;202;204;48;2;107;133;130m⠃[38;2;103;79;74;48;2;111;85;81m⡀[38;2;111;84;80;48;2;113;86;83m⢀[38;2;114;88;84;48;2;109;83;79m⠂[38;2;90;71;66;48;2;137;109;102m⢀[38;2;194;190;186;48;2;156;130;123m⢀[38;2;218;211;208;48;2;142;120;115m⣀[38;2;243;235;230;48;2;137;117;112m⣀[38;2;249;243;238;48;2;138;119;115m⣀[38;2;62;44;40;48;2;168;158;153m⠦[38;2;183;178;173;48;2;227;222;217m⠄[38;2;254;253;248;48;2;247;244;239m⢀[38;2;247;240;237;48;2;252;251;247m⠈[38;2;243;232;229;48;2;246;240;236m⠈[38;2;221;209;205;48;2;239;229;224m⠱[38;2;204;191;187;48;2;237;226;221m⡈[38;2;60;55;52;48;2;202;192;187m⠈[0m[38;2;139;130;126m⣄[0m [38;2;229;229;217m⢠[38;2;122;122;113;48;2;232;233;219m⠁[38;2;239;240;222;48;2;242;243;226m⢋[38;2;69;70;64;48;2;167;169;155m⠨[0m[38;2;104;106;96m⢀[38;2;206;209;196;48;2;98;99;92m⣠[0m  [0m
      [7m[38;2;153;141;139m⠃[0m[38;2;251;250;246;48;2;218;208;205m⢠[38;2;254;254;253;48;2;251;249;246m⠂[38;2;242;238;235;48;2;242;238;233m⣀[38;2;231;228;223;48;2;147;135;131m⠇[38;2;100;77;74;48;2;108;84;80m⢀[38;2;115;113;108;48;2;120;164;162m⢇[38;2;103;152;152;48;2;149;208;208m⠤[38;2;79;88;86;48;2;183;197;193m⠙[38;2;93;71;67;48;2;212;207;203m⠉[38;2;101;97;94;48;2;232;230;225m⠁[38;2;238;235;231;48;2;242;240;235m⠁[38;2;243;241;236;48;2;242;239;234m⠋[38;2;243;240;235;48;2;241;238;233m⠁[38;2;212;204;200;48;2;236;231;226m⠂[38;2;243;238;233;48;2;245;240;235m⠄[38;2;254;253;250;48;2;248;244;240m⣀[38;2;224;215;210;48;2;248;245;241m⠈[38;2;219;212;207;48;2;243;239;234m⠢[38;2;254;254;254;48;2;250;250;248m⢀[38;2;245;241;238;48;2;250;248;246m⠹[38;2;247;240;235;48;2;244;239;233m⠉[38;2;196;185;180;48;2;238;231;227m⠈[38;2;190;179;174;48;2;228;219;214m⢄[38;2;205;192;187;48;2;221;210;204m⢸[0m[7m[38;2;131;123;119m⠙[0m[38;2;200;199;194;48;2;243;243;239m⠁[38;2;203;205;187;48;2;239;241;230m⢀[38;2;205;207;185;48;2;236;237;221m⠔[38;2;88;89;79;48;2;226;227;209m⠈[38;2;168;169;155;48;2;231;232;213m⠁[38;2;70;72;65;48;2;173;175;161m⢠[0m  [0m
     [38;2;171;158;156;48;2;82;75;74m⢰[38;2;233;225;219;48;2;209;195;191m⢠[38;2;238;232;228;48;2;244;239;234m⠁[38;2;252;250;248;48;2;253;252;250m⠁[38;2;76;73;71;48;2;214;212;208m⢀[38;2;220;217;211;48;2;137;126;122m⣠[38;2;84;69;66;48;2;217;212;207m⠉[38;2;223;218;213;48;2;246;240;236m⠁[38;2;247;243;238;48;2;244;238;233m⢠[38;2;253;253;251;48;2;246;244;240m⣄[38;2;250;249;248;48;2;244;241;237m⣀[38;2;252;252;249;48;2;244;242;238m⣀[38;2;248;247;243;48;2;243;241;237m⣀[38;2;250;249;246;48;2;244;243;238m⢠[38;2;242;240;236;48;2;248;247;244m⢋[38;2;240;236;232;48;2;251;250;247m⠈[38;2;224;219;214;48;2;242;240;237m⡄[38;2;243;240;237;48;2;251;251;249m⡀[0m[7m[38;2;254;253;253m⠀[0m[38;2;247;244;239;48;2;250;248;246m⢰[38;2;211;204;201;48;2;238;233;228m⠡[38;2;254;254;253;48;2;243;240;237m⠁[38;2;243;240;235;48;2;243;239;235m⣀[38;2;243;239;234;48;2;244;238;233m⡄[38;2;210;199;195;48;2;241;232;228m⠈[38;2;189;175;169;48;2;218;205;200m⢢[38;2;99;93;88;48;2;155;145;140m⠸[38;2;117;116;111;48;2;204;202;193m⠢[38;2;200;202;184;48;2;233;233;227m⠁[38;2;242;243;234;48;2;250;249;241m⠔[38;2;234;233;216;48;2;239;238;223m⠚[38;2;29;30;26;48;2;190;191;176m⢀[0m[38;2;153;156;142m⠃[0m  [0m
    [38;2;16;14;14m⢀[38;2;114;104;104;48;2;181;168;165m⠃[38;2;216;204;199;48;2;238;230;224m⠃[38;2;242;237;233;48;2;243;238;233m⢨[38;2;252;250;247;48;2;244;240;235m⠉[38;2;132;129;122;48;2;221;216;210m⠈[38;2;252;250;247;48;2;247;245;241m⠏[38;2;250;249;245;48;2;253;253;252m⠁[38;2;251;249;248;48;2;253;252;252m⢀[38;2;225;216;210;48;2;236;231;227m⡀[0m[7m[38;2;253;253;252m⠀[0m[38;2;244;243;242;48;2;252;252;252m⠘[0m[7m[38;2;254;254;254m⠀⠀[0m[38;2;243;243;242;48;2;251;250;250m⢠[38;2;247;245;245;48;2;251;250;249m⠘[38;2;222;216;212;48;2;244;241;237m⡀[38;2;121;106;104;48;2;216;208;204m⢠[38;2;157;140;136;48;2;234;228;223m⡀[38;2;247;244;240;48;2;243;239;235m⠈[38;2;251;249;247;48;2;243;240;235m⠁[38;2;240;234;231;48;2;242;238;233m⢀[38;2;213;204;201;48;2;234;229;225m⢂[38;2;242;239;235;48;2;243;239;235m⠠[38;2;243;239;234;48;2;242;239;235m⢸[38;2;239;230;227;48;2;243;237;233m⠈[38;2;214;202;197;48;2;237;227;223m⠈[38;2;110;101;96;48;2;191;183;178m⠡[38;2;66;62;53;48;2;158;149;132m⣀[38;2;68;98;96;48;2;143;185;183m⠥[38;2;77;138;140;48;2;153;187;186m⢤[0m[7m[38;2;80;88;90m⠐[0m[38;2;26;28;31m⡁[0m   [0m
    [7m[38;2;138;131;130m⠃[0m[38;2;229;220;214;48;2;215;203;199m⢠[38;2;244;238;231;48;2;245;239;233m⠁[38;2;243;237;233;48;2;244;238;234m⠘[38;2;244;237;232;48;2;241;235;231m⠄[38;2;214;203;199;48;2;233;226;221m⠇[38;2;246;242;240;48;2;243;237;234m⠈[38;2;252;252;250;48;2;245;242;239m⠛[38;2;254;254;253;48;2;240;235;232m⠁[38;2;125;118;114;48;2;177;170;165m⠴[38;2;244;242;236;48;2;239;234;229m⠁[38;2;252;252;251;48;2;244;241;239m⠙[38;2;253;252;252m⠉[38;2;254;254;253;48;2;244;242;239m⠉[38;2;253;253;251;48;2;245;243;239m⠃[38;2;250;249;247;48;2;241;239;234m⠁[38;2;205;195;191;48;2;219;212;207m⢁[38;2;151;132;129;48;2;212;203;198m⢸[38;2;181;169;163;48;2;216;206;198m⠜[38;2;168;155;150;48;2;224;215;207m⠢[38;2;148;129;122;48;2;230;221;215m⡀[38;2;235;224;220;48;2;245;236;232m⠤[38;2;217;209;206;48;2;234;226;223m⠈[38;2;216;209;205;48;2;235;231;227m⡀[38;2;243;239;234;48;2;242;239;235m⠠[0m[7m[38;2;243;237;234m⠀[0m[38;2;219;209;206;48;2;241;233;229m⠈[38;2;212;202;198;48;2;235;226;221m⡈[38;2;71;100;98;48;2;140;154;149m⢹[38;2;75;102;98;48;2;93;145;140m⢖[38;2;66;110;114;48;2;132;172;164m⠸[38;2;31;40;48;48;2;53;67;74m⢀[0m[38;2;17;20;26m⠃[0m   [0m
   [38;2;194;187;184;48;2;72;68;67m⢠[38;2;178;164;158;48;2;220;210;206m⢀[38;2;241;233;227;48;2;220;207;202m⢸[38;2;246;239;236;48;2;245;239;235m⠆[38;2;243;237;232;48;2;244;238;233m⢈[38;2;243;239;235;48;2;240;235;230m⢀[38;2;213;206;203;48;2;227;220;216m⡀[0m[7m[38;2;241;238;234m⠀[0m[38;2;218;209;203;48;2;235;231;226m⢀[38;2;136;132;129;48;2;201;195;189m⠐[38;2;121;104;95;48;2;231;223;214m⠐[38;2;141;122;118;48;2;210;197;191m⢂[38;2;224;218;216;48;2;236;230;226m⠰[38;2;248;237;235;48;2;239;231;228m⢀[38;2;242;233;231;48;2;243;238;235m⡀[0m[7m[38;2;243;239;235m⠀[0m[38;2;242;239;234;48;2;232;228;224m⠁[38;2;122;97;96;48;2;190;179;175m⢰[38;2;170;155;152;48;2;222;211;207m⢸[38;2;254;246;238;48;2;251;243;234m⠄[0m[7m[38;2;253;245;235m⠀[0m[38;2;161;138;130;48;2;249;239;229m⠈[38;2;188;171;162;48;2;233;223;213m⠒[38;2;156;134;128;48;2;226;214;207m⠄[38;2;149;128;120;48;2;216;206;201m⡄[38;2;242;239;235;48;2;242;238;234m⠁[38;2;244;237;234;48;2;244;238;234m⡀[38;2;242;234;230;48;2;244;236;232m⡀[38;2;206;195;192;48;2;227;219;215m⢠[38;2;171;164;156;48;2;226;219;212m⠈[38;2;90;139;138;48;2;73;101;101m⡑[38;2;33;36;35;48;2;91;94;89m⢶[0m[38;2;207;213;191m⠃[0m    [0m
  [38;2;23;21;22m⢀[38;2;90;85;84;48;2;177;170;168m⠁[0m[7m[38;2;143;132;129m⡄[0m[38;2;243;235;229;48;2;223;210;205m⢸[38;2;238;229;226;48;2;243;236;233m⡀[38;2;241;236;231;48;2;243;237;234m⠘[38;2;241;235;231;48;2;242;237;233m⠡[38;2;202;193;190;48;2;218;210;206m⠃[38;2;212;202;197;48;2;235;229;225m⢀[38;2;161;148;141;48;2;224;213;206m⠌[38;2;249;242;234;48;2;252;244;235m⠁[38;2;254;246;236;48;2;253;245;235m⠄[38;2;175;150;144;48;2;242;229;218m⠈[38;2;157;141;137;48;2;217;203;196m⢀[38;2;146;128;125;48;2;200;188;182m⠣[38;2;149;132;127;48;2;232;221;217m⡀[38;2;212;200;197;48;2;240;234;230m⡀[38;2;243;240;236;48;2;223;220;216m⠄[38;2;149;122;118;48;2;176;165;159m⠸[38;2;211;202;197;48;2;155;141;137m⠧[38;2;237;223;214;48;2;131;119;120m⠛[38;2;216;213;207;48;2;147;144;147m⢛[38;2;231;241;235;48;2;127;129;137m⡉[38;2;254;251;241;48;2;95;93;106m⠉[38;2;185;181;180;48;2;119;110;109m⣉[38;2;69;41;38;48;2;177;161;155m⡄[38;2;197;181;174;48;2;239;231;226m⠄[0m[7m[38;2;244;237;234m⠀[0m[38;2;217;208;205;48;2;237;230;226m⡀[38;2;201;187;185;48;2;223;214;211m⢰[38;2;176;165;161;48;2;219;211;206m⡄[38;2;86;79;77;48;2;149;139;135m⢸[38;2;100;92;95;48;2;53;48;50m⠙[0m[7m[38;2;49;46;52m⠙[0m    [0m
  [38;2;90;84;83m⠰[38;2;173;164;161;48;2;79;75;73m⡇[38;2;201;186;182;48;2;100;91;90m⢸[38;2;235;224;220;48;2;217;205;201m⠈[38;2;226;214;212;48;2;240;230;227m⠠[38;2;246;238;235;48;2;243;235;232m⠂[38;2;243;237;233;48;2;243;238;233m⣀[38;2;180;169;164;48;2;220;213;209m⠸[38;2;142;126;122;48;2;210;199;192m⡌[38;2;62;51;48;48;2;200;192;184m⢠[38;2;251;244;235;48;2;131;124;119m⠛[38;2;229;217;208;48;2;119;113;119m⠙[38;2;104;96;100;48;2;158;159;162m⡶[38;2;56;46;51;48;2;148;145;154m⠦[38;2;112;105;112;48;2;172;164;165m⡦[38;2;173;163;157;48;2;226;214;206m⠌[38;2;123;104;102;48;2;209;198;192m⠰[38;2;170;156;149;48;2;210;202;195m⠠[38;2;141;132;125;48;2;227;218;211m⠃[38;2;174;158;154;48;2;245;234;228m⠉[38;2;158;148;170;48;2;219;205;208m⠹[38;2;157;175;200;48;2;228;204;201m⠉[38;2;201;211;228;48;2;235;210;203m⠉[38;2;140;131;149;48;2;226;192;194m⠘[38;2;167;140;133;48;2;231;208;203m⢀[38;2;141;113;107;48;2;225;211;206m⠃[38;2;236;226;225;48;2;239;231;228m⠂[38;2;99;91;89;48;2;199;190;186m⡀[38;2;227;219;215;48;2;241;236;231m⠁[38;2;115;107;103;48;2;186;177;173m⢠[38;2;116;106;103;48;2;171;162;158m⡇[38;2;198;184;181;48;2;121;113;114m⡇[0m[7m[38;2;45;44;50m⠘[38;2;32;32;41m⡄[38;2;22;23;29m⢸[0m   [0m
  [38;2;76;71;72m⠈[38;2;95;90;89;48;2;51;47;47m⡃[38;2;50;43;45;48;2;145;135;133m⠁[38;2;229;218;213;48;2;211;199;195m⢠[38;2;123;111;108;48;2;201;189;186m⡀[38;2;217;205;203;48;2;236;224;221m⠱[38;2;198;187;181;48;2;235;226;221m⡀[38;2;246;240;235;48;2;242;236;231m⢀[38;2;118;96;93;48;2;202;192;186m⠑[38;2;197;182;180;48;2;131;111;108m⢰[38;2;114;112;121;48;2;226;220;221m⠉[38;2;135;141;181;48;2;212;188;196m⠋[38;2;206;192;193;48;2;238;209;199m⠭[38;2;216;208;197;48;2;242;216;206m⠓[38;2;201;167;185;48;2;245;224;216m⠁[38;2;252;234;227;48;2;252;238;231m⣄[38;2;252;240;233;48;2;253;243;235m⡄[38;2;249;239;232;48;2;253;244;236m⠄[38;2;253;241;233;48;2;253;242;235m⢠[38;2;252;234;225;48;2;252;236;228m⢸[48;2;250;228;219m⡀[38;2;250;225;218;48;2;249;220;212m⣀[38;2;249;222;215;48;2;248;215;207m⣀[38;2;246;219;211;48;2;245;209;201m⢀[38;2;97;88;85;48;2;176;157;151m⠒[38;2;110;83;77;48;2;183;164;159m⡤[38;2;119;105;102;48;2;166;152;146m⠮[38;2;85;76;72;48;2;195;189;183m⠇[38;2;141;132;128;48;2;205;198;193m⢠[38;2;121;113;109;48;2;183;172;168m⠃[38;2;120;111;109;48;2;150;140;137m⠄[38;2;168;159;155;48;2;81;78;83m⡁[38;2;189;182;175;48;2;86;85;91m⣀[0m[38;2;144;137;132m⡄[0m    [0m
   [7m[38;2;121;114;113m⠇[0m[38;2;122;113;110;48;2;186;176;172m⠈[38;2;85;75;73;48;2;167;155;153m⡄[38;2;99;89;88;48;2;151;140;138m⢈[38;2;139;129;129;48;2;186;176;174m⠢[38;2;140;131;128;48;2;212;201;197m⡀[38;2;188;175;170;48;2;219;208;202m⠲[38;2;109;101;99;48;2;191;183;178m⠤[38;2;141;128;123;48;2;191;180;175m⣈[38;2;208;180;173;48;2;156;131;126m⡝[38;2;240;197;190;48;2;247;203;196m⠄[38;2;251;212;205;48;2;250;207;201m⢀[38;2;250;221;214;48;2;250;214;207m⢀[38;2;251;229;221;48;2;250;224;216m⢠[38;2;250;232;224;48;2;251;234;226m⡇[38;2;173;132;130;48;2;223;202;196m⢤[38;2;180;141;137;48;2;232;190;186m⠔[38;2;156;105;111;48;2;233;182;182m⠒[38;2;157;98;103;48;2;216;176;173m⠐[38;2;254;245;238;48;2;251;239;231m⢀[38;2;251;234;226;48;2;253;240;233m⠛[38;2;250;230;223;48;2;251;238;229m⠁[38;2;140;111;105;48;2;229;211;203m⢀[38;2;118;87;80;48;2;208;187;177m⠔[38;2;171;146;137;48;2;216;200;189m⠁[38;2;118;109;102;48;2;173;161;152m⠰[38;2;103;95;91;48;2;188;178;171m⠔[38;2;110;102;98;48;2;199;188;181m⠁[38;2;244;236;227;48;2;215;204;197m⢀[38;2;103;97;93;48;2;231;225;219m⠁[38;2;87;81;76;48;2;218;213;208m⠈[38;2;15;12;11;48;2;125;119;116m⢢[0m[7m[38;2;162;158;154m⣀[38;2;132;130;128m⠹[0m   [0m
  [7m[38;2;105;104;101m⠏[38;2;118;115;112m⣠[0m[38;2;190;180;177;48;2;65;61;60m⢁[38;2;98;89;88;48;2;181;171;168m⠉[38;2;106;95;93;48;2;173;160;157m⠪[38;2;72;62;58;48;2;167;156;151m⠄[38;2;66;57;54;48;2;174;162;155m⠈[38;2;87;78;76;48;2;188;175;169m⠐[38;2;131;123;120;48;2;192;180;173m⠊[38;2;71;62;55;48;2;177;164;154m⠐[38;2;111;68;61;48;2;210;192;180m⠈[38;2;130;106;97;48;2;206;183;172m⢢[38;2;174;129;124;48;2;225;199;190m⢀[38;2;137;109;101;48;2;234;212;204m⣀[38;2;253;240;233;48;2;235;218;210m⠄[38;2;254;248;239;48;2;238;225;217m⢀[38;2;254;249;240;48;2;238;227;218m⢀[38;2;194;143;142;48;2;223;206;198m⠁[38;2;165;133;127;48;2;221;194;187m⠤[38;2;99;60;56;48;2;219;203;195m⣀[38;2;135;104;100;48;2;227;207;198m⠠[38;2;174;148;141;48;2;222;197;188m⠔[38;2;120;85;83;48;2;209;181;173m⠒[38;2;188;164;154;48;2;223;198;189m⠓[38;2;197;166;155;48;2;222;195;185m⠢[38;2;156;117;108;48;2;219;195;183m⢄[38;2;222;207;196;48;2;215;199;187m⠁[38;2;189;174;166;48;2;204;190;180m⠱[38;2;191;177;168;48;2;202;190;182m⡀[38;2;236;227;219;48;2;208;197;189m⠘[38;2;225;216;210;48;2;238;230;223m⡐[38;2;224;216;211;48;2;239;232;227m⠄[38;2;150;145;142;48;2;238;232;228m⠈[38;2;227;222;218;48;2;98;95;94m⣄[0m[38;2;122;118;114m⠸[7m[38;2;183;179;174m⠈[0m[38;2;183;181;177m⡄[0m [0m
  [38;2;35;35;35;48;2;144;144;143m⡀[0m[7m[38;2;120;118;115m⠙[0m[38;2;89;82;81;48;2;185;179;175m⠁[38;2;193;185;181;48;2;195;187;182m⣆[38;2;197;186;180;48;2;199;189;182m⠄[38;2;203;190;183;48;2;197;186;178m⠃[38;2;182;170;161;48;2;190;180;171m⡎[38;2;196;190;182;48;2;203;193;184m⣀[38;2;194;187;178;48;2;202;192;183m⢀[38;2;208;195;183;48;2;117;113;107m⠛[38;2;69;73;71;48;2;128;134;129m⢴[38;2;158;122;116;48;2;211;172;164m⠂[0m[7m[38;2;230;187;178m⠀[0m[38;2;235;190;183;48;2;232;193;184m⠁[38;2;243;222;213;48;2;232;198;189m⢀[38;2;190;152;146;48;2;236;208;199m⠉[38;2;182;146;139;48;2;239;215;206m⠉[38;2;136;102;96;48;2;205;181;173m⢹[38;2;253;233;224;48;2;244;223;214m⠄[38;2;165;131;123;48;2;215;192;181m⡇[38;2;254;247;237;48;2;236;218;208m⠄[38;2;235;201;192;48;2;251;238;230m⠉[38;2;246;229;219;48;2;253;240;233m⠁[38;2;251;230;221;48;2;252;234;226m⠘[38;2;250;226;219;48;2;249;222;214m⠄[38;2;250;212;203;48;2;250;222;213m⠈[38;2;112;94;88;48;2;186;164;156m⢱[38;2;55;54;51;48;2;127;135;131m⠤[38;2;75;66;61;48;2;169;161;153m⡄[38;2;189;183;174;48;2;194;187;179m⡄[38;2;231;225;218;48;2;199;194;188m⠘[38;2;207;202;197;48;2;227;224;218m⡈[38;2;196;188;183;48;2;227;222;216m⠢[38;2;183;180;174;48;2;230;228;222m⡀[0m[7m[38;2;206;205;200m⠈[0m[38;2;154;153;149;48;2;178;179;174m⠠[0m[7m[38;2;122;123;120m⢀[0m [0m
 [38;2;149;160;160m⢀[7m[38;2;136;142;142m⠃[0m[38;2;75;78;77;48;2;157;161;159m⢀[38;2;121;126;121;48;2;165;167;164m⠄[38;2;190;187;182;48;2;182;184;180m⠁[38;2;212;213;207;48;2;192;193;188m⡜[38;2;173;177;173;48;2;181;181;176m⢀[38;2;190;186;179;48;2;182;183;178m⠛[38;2;169;176;171;48;2;181;182;177m⢀[38;2;144;146;143;48;2;171;171;167m⢀[38;2;50;38;38;48;2;66;53;51m⠁[38;2;145;189;186;48;2;105;93;89m⠁[38;2;211;176;167;48;2;132;105;100m⠙[38;2;231;200;190;48;2;139;114;108m⠋[38;2;242;217;208;48;2;166;143;137m⠛[38;2;111;86;81;48;2;211;195;189m⣀[38;2;120;103;98;48;2;230;214;205m⡀[38;2;201;183;174;48;2;234;219;209m⢠[38;2;168;152;143;48;2;228;215;206m⠊[38;2;223;207;197;48;2;242;228;220m⢀[38;2;151;116;106;48;2;214;194;185m⠉[38;2;147;110;104;48;2;196;165;155m⢺[38;2;199;181;176;48;2;233;216;208m⢀[38;2;108;86;82;48;2;221;204;197m⣀[38;2;130;101;95;48;2;206;188;182m⣀[38;2;115;88;85;48;2;190;167;161m⣀[38;2;252;232;223;48;2;173;153;147m⠛[38;2;251;232;223;48;2;135;116;110m⠃[38;2;183;225;212;48;2;97;86;80m⠁[38;2;50;40;36;48;2;130;128;125m⡇[38;2;187;186;180;48;2;176;180;176m⠁[38;2;184;184;180;48;2;172;177;174m⠙[38;2;212;212;207;48;2;175;182;179m⠈[38;2;158;169;165;48;2;201;209;205m⡄[38;2;155;159;152;48;2;214;224;217m⠈[38;2;80;87;84;48;2;183;194;186m⠠[38;2;50;55;54;48;2;169;181;174m⣀[0m[7m[38;2;172;191;183m⠈[0m[38;2;118;135;130m⡄[0m
[38;2;56;64;64m⢠[38;2;103;112;111;48;2;143;163;164m⠁[38;2;106;117;117;48;2;41;46;46m⠋[0m[7m[38;2;107;116;116m⠋[0m[38;2;199;223;219;48;2;177;192;191m⢠[38;2;89;102;98;48;2;180;197;193m⢀[38;2;202;225;219;48;2;177;192;188m⢠[38;2;196;217;212;48;2;171;188;184m⡇[38;2;170;179;175;48;2;161;176;174m⠁[38;2;119;135;134;48;2;153;168;166m⡀[38;2;77;68;61;48;2;143;152;150m⠘[38;2;193;198;189;48;2;104;94;87m⡠[38;2;135;120;103;48;2;116;98;89m⠄[38;2;161;156;148;48;2;127;112;106m⡠[38;2;134;121;113;48;2;121;104;96m⠠[38;2;172;150;130;48;2;130;118;107m⠠[38;2;191;200;195;48;2;155;140;133m⣠[38;2;229;228;226;48;2;147;135;126m⠤[38;2;112;86;78;48;2;194;176;167m⡇[38;2;252;239;233;48;2;253;241;235m⠠[38;2;208;184;174;48;2;248;233;226m⠠[38;2;183;158;149;48;2;245;227;219m⠤[38;2;141;109;90;48;2;192;159;147m⢈[38;2;235;235;229;48;2;141;124;110m⠠[38;2;207;199;184;48;2;143;132;121m⠄[38;2;157;143;122;48;2;129;108;97m⢀[38;2;216;205;185;48;2;127;105;97m⢀[38;2;216;213;206;48;2;135;118;113m⣀[38;2;188;184;171;48;2;118;100;94m⣀[38;2;134;126;115;48;2;109;93;87m⡠[38;2;63;47;40;48;2;119;125;120m⠃[38;2;142;160;160;48;2;153;171;169m⢠[38;2;162;178;178;48;2;155;175;175m⠁[38;2;150;167;166;48;2;153;172;173m⠐[38;2;101;117;117;48;2;168;187;183m⡀[38;2;209;229;221;48;2;205;228;221m⠛[38;2;210;230;222;48;2;205;229;221m⠁[0m[7m[38;2;134;153;147m⠘[38;2;78;88;89m⠇[0m[38;2;171;196;191;48;2;125;144;144m⠁[0m
 [38;2;122;139;140m⠉[38;2;92;105;106m⠛[7m[38;2;105;120;119m⣀[38;2;149;169;166m⣀[0m[38;2;10;9;11;48;2;119;137;133m⣀[38;2;12;12;13;48;2;139;157;153m⣀[38;2;13;12;13;48;2;135;156;152m⣀[38;2;6;5;6;48;2;93;108;107m⣀[0m[7m[38;2;89;101;101m⣀[0m[38;2;24;28;29;48;2;121;138;140m⣀[38;2;153;171;172;48;2;73;72;70m⠁[38;2;137;129;118;48;2;85;70;66m⠘[38;2;162;158;153;48;2;113;100;95m⠓[38;2;149;144;136;48;2;96;77;67m⠁[38;2;79;61;57;48;2;164;153;118m⡀[38;2;111;145;142;48;2;179;197;184m⢄[38;2;146;165;160;48;2;187;200;194m⠐[38;2;96;76;70;48;2;229;208;201m⠁[38;2;233;197;191;48;2;246;226;219m⣀[38;2;166;118;116;48;2;230;197;190m⠐[38;2;148;113;107;48;2;188;154;141m⡀[38;2;114;120;115;48;2;153;170;166m⢏[38;2;198;227;220;48;2;160;202;197m⢛[38;2;179;223;212;48;2;162;181;164m⠋[38;2;195;186;140;48;2;144;123;94m⠇[38;2;195;186;170;48;2;86;69;64m⠈[38;2;171;164;153;48;2;115;102;95m⠺[38;2;182;178;169;48;2;102;90;85m⠂[38;2;21;13;11;48;2;78;68;64m⢀[0m[7m[38;2;105;122;121m⣀[38;2;100;117;117m⣀[38;2;88;102;103m⣀[38;2;90;106;107m⣀[38;2;106;121;117m⣀[38;2;119;137;132m⣀[0m[38;2;200;230;221;48;2;76;88;84m⠛[0m[38;2;149;175;166m⠋[38;2;23;23;24m⠁[38;2;11;9;10m⠁[0m
           [38;2;43;30;28m⠈[38;2;72;56;55m⠉[38;2;96;77;73m⠉[38;2;62;46;42m⠉[38;2;78;60;57m⠉[38;2;175;165;150m⠉[38;2;211;205;201m⠙[38;2;203;181;175m⠛[38;2;193;163;157m⠛[38;2;164;136;130m⠋[38;2;201;181;143m⠉[38;2;105;135;135m⠉[38;2;139;166;158m⠉[38;2;116;96;68m⠋[38;2;104;83;80m⠉[38;2;65;50;48m⠉[38;2;82;64;64m⠉[38;2;59;45;43m⠉[38;2;26;17;16m⠁[0m          [0m
[?25h